17.5    0   1 10366
17.5  5.2   0  3121
17.5 11.2   0  3577
17.5 15.9   0  4317
17.5 20.4   0  5683
17.5 27.4   0  3042
17.5 40.8   0   670
22.5    0   0  8162
22.5  5.2   0  2937
22.5 11.2   1  3286
22.5 15.9   0  4214
22.5 20.4   1  6385
22.5 27.4   1  4050
22.5 40.8   0  1166
27.5    0   0  5969
27.5  5.2   0  2288
27.5 11.2   1  2546
27.5 15.9   0  3185
27.5 20.4   1  5483
27.5 27.4   4  4290
27.5 40.8   0  1482
32.5    0   0  4496
32.5  5.2   0  2015
32.5 11.2   2  2219
32.5 15.9   4  2560
32.5 20.4   6  4687
32.5 27.4   9  4268
32.5 40.8   4  1580
37.5    0   0  3512
37.5  5.2   1  1648
37.5 11.2   0  1826
37.5 15.9   0  1893
37.5 20.4   5  3646
37.5 27.4   9  3529
37.5 40.8   6  1336
42.5    0   0  2201
42.5  5.2   2  1310
42.5 11.2   1  1386
42.5 15.9   2  1334
42.5 20.4  12  2411
42.5 27.4  11  2424
42.5 40.8  10   924
47.5    0   0  1421
47.5  5.2   0   927
47.5 11.2   2   988
47.5 15.9   2   849
47.5 20.4   9  1567
47.5 27.4  10  1409
47.5 40.8   7   556
52.5    0   0  1121
52.5  5.2   3   710
52.5 11.2   4   684
52.5 15.9   2   470
52.5 20.4   7   857
52.5 27.4   5   663
52.5 40.8   4   255
57.5    0   2   826
57.5  5.2   0   606
57.5 11.2   3   449
57.5 15.9   5   280
57.5 20.4   7   416
57.5 27.4   3   284
57.5 40.8   1   104